ENTREZID
11845
16002
78339
71833
259300
20250
108705
214597
223723
13194
544752
11981
71833
19263
67630
269587
94214
12540
16880
14218
67044
69091
218454
83396
76108
20692
16002
326618
16560
223455
100039795
20315
12388
69183
319734
94282
17762
101351
67581
22139
21859
54608
14254
18193
11987
194590
16011
208846
12419
57908
105513
213673
57259
19027
277360
22099
11603
18214
78339
50793
70425
68606
20250
17909
433693
20315
320184
16649
53599
20683
72543
74048
246198
66320
67991
242687
20937
17064
207596
12050
105513
63985
18810
18032
17755
69823
11826
57440
68581
16002
17886
494448
14218
387314
18750
108654
75869
27494
209225
330544
14218
21859
17257
195208
21813
17064
94214
320184
18399
217124
73102
58235
18573
26360
19730
18111
19262
216725
77097
170753
20970
18197
56529
116847
19285
16650
14645
58246
94214
268860
93736
243219
13046
13004
77889
68728
98660
20181
76854
210126
71207
230752
23994
17129
16562
170753
242418
11932
72308
20539
16001
114674
14057
28018
320463
14955
50794
23994
16002
213491
110911
268783
110078
17886
16650
54616
18789
18789
12048
20377
94214
14218
192119
76524
231630
77097
54608
77590
56637
103236
13688
98660
12831
214469
20250
12283
235431
11432
224647
16002
237387
227723
12616
21812
280411
22785
68839
13026
230903
224647
11489
12521
382056
140630
52882
269233
54325
16002
64294
269704
56307
78541
107746
19344
244654
59069
12419
20338
20315
17755
12890
109079
26417
11932
26570
16002
71833
104625
73945
241727
20315
16002
21366
329540
67615
20315
16562
18174
18193
84652
72640
110829
14218
16002
20932
18514
18706
14314
14229
19122
17129
12444
17295
16948
12317
12974
16211
12444
13427
241915
382034
227723
20874
217866
14314
26936
20692
108735
192662
76687
14955
19263
71207
239217
12443
217331
27059
227723
226777
76577
320365
16002
140481
64294
20363
16907
16195
20529
18214
20377
11932
330812
114128
75914
12419
14218
20250
107503
18028
214597
21813
12443
65106
19664
432508
54673
207596
53421
69632
14218
16542
105722
72349
215789
109154
20250
84652
18029
213054
330814
19015
67087
18029
20238
20744
11695
13051
21676
57905
217893
76293
23948
243616
381290
244654
20315
20362
57748
233871
14747
15975
246198
494448
17425
231413
22240
12321
50794
19087
69821
11853
78928
207592
20250
68703
209683
14955
52468
22195
12343
94044
20511
18611
57342
74493
110213
23790
16002
207596
22634
244745
19263
21366
27008
14381
244654
51789
18844
12419
108013
229900
18826
52398
22042
236511
50868
16011
234733
19285
442801
16002
19015
63985
279653
11482
207596
215474
70292
108911
54608
20181
226519
15275
109624
26456
75137
53421
240047
23796
228850
52065
12315
54391
244058
18214
14783
19221
22323
215114
12321
52468
20250
67015
170753
71207
14645
108148
52123
20511
13178
17425
72190
110213
16002
19084
330814
21858
110279
26399
67532
16011
11461
16002
228026
21812
22214
14688
68089
227723
83797
19263
67201
14299
20364
27224
17999
20250
66874
26968
214469
19291
209497
69821
280411
23917
22134
16653
22215
16002
100861531
20088
30953
19726
20185
26931
16795
100861531
16539
320799
100861531
20350
100861531
20230
72193
100861531
19653
638247
17936
58807
234378
54608
100861531
100861531
100861531
77040
100861531
224640
13660
240185
230594
18145
11990
56786
53761
268591
239017
12616
329003
329003
100434
319965
54604
11739
319934
104401
105522
215476
11364
110350
14270
229055
270097
64383
328977
17534
54169
19273
73692
244810
53761
74772
191578
433938
14368
13211
27385
94186
52690
11518
227195
67556
70237
100042150
239833
58244
19281
209212
14104
15516
18293
17933
66645
20340
209683
211535
56215
52397
16202
328845
22791
13714
16573
19263
79233
18214
19215
11669
69190
19273
54169
101488
14062
19155
225055
242509
20962
70599
69188
100855
15530
14238
230648
68691
329559
16974
238799
54138
16974
22379
75613
30046
381022
231380
209039
69807
93722
16404
53416
20430
12211
14119
11544
233405
235169
14670
223774
16971
16978
74055
11906
12842
14411
230157
16450
15259
103841
230249
244373
16002
217827
56195
269941
22385
12826
80892
225724
12445
78610
71458
433667
71878
15259
75007
20250
19025
72258
19249
18830
67115
381626
54608
56632
56216
56698
72007
14823
52397
16002
22695
16328
319565
76936
269878
12631
64817
232944
14368
26422
13518
54375
15042
98170
215476
16782
68095
19684
21687
104112
76709
78605
214669
14683
57295
50798
68089
14319
55963
26412
381280
101100
